,T4,T3,T2,T1
0,0.054923871206421004,10.426566182979448,10.405721841931335,0.0556963643610343
1,0.16456710354188792,11.051236257189515,9.619188111374521,0.01407605075825903
2,0.39010447000192955,11.472663338843363,8.741355126103686,0.002033024928694921
3,0.7390960015813172,11.69612869554859,7.855626895941753,-0.00034639459330000784
4,1.178037089029499,11.75078014758072,7.016299969358173,-0.0004712051237452969
5,1.6637121453575499,11.676342979595143,6.227276553125145,-0.00037058384198522006
6,2.169649082657589,11.500546737468088,5.481247708217239,-0.00030300580440996867
7,2.6873731207607525,11.244808782910379,4.773333130059223,-0.00022205627029140933
8,3.2200552001296123,10.920779656014926,4.100658667798783,-9.23462307545413e-05
9,3.7686029011219535,10.54039110628111,3.4581461149888684,0.00010607644816689829
10,4.327318704577038,10.112111246330617,2.8429362226368777,0.00038540297036365956
11,4.895656611828923,9.642285904346258,2.2489566423680936,0.0007507819974863669
12,5.4652365456329655,9.14118767806275,1.6720172613650495,0.0012073919823587245
13,6.035317469805702,8.613408459922542,1.1080360460075878,0.0017658500264172005
14,6.601080411274839,8.062126850550419,0.5533994559321587,0.002443689545804776
15,7.15765702201942,7.4933687646441225,0.0037878962064725953,0.003269032447113712
