,T4,T3,T2,T1
0,0.010889721805666166,8.812980488004152,8.801818962261777,0.011404275756019861
1,0.03875092441534072,9.52734115136576,7.998116410614899,0.0019471307786564293
2,0.11830750455755809,10.09145935295345,7.187567250768741,-9.264371512101117e-05
3,0.3002999541961333,10.465554539456036,6.424438061097759,-0.0002361708437841415
4,0.6054816285532839,10.648312002159201,5.719314592968934,-0.00022843949543665976
5,1.00381329300502,10.667598718603223,5.067881066246241,-0.0002542686990422231
6,1.457272848046679,10.55282946788092,4.456556286243542,-0.0002675876186573005
7,1.944410330795485,10.331512430848537,3.8804700867017914,-0.0002403687966718366
8,2.455665266144511,10.029218577748484,3.33511279087564,-0.0001611736626837807
9,2.9837894193110155,9.661295672985522,2.813404918210526,-2.251389424284915e-05
10,3.5264871069599217,9.241910720277586,2.3134795890258175,0.00018390352157711317
11,4.077502742032492,8.77784649779055,1.8317073212487571,0.00046218942762509387
12,4.634034724488229,8.278276427591189,1.3622887380826016,0.0008163881495945547
13,5.19151665351296,7.748164895481431,0.9017521001371177,0.0012546072430980454
14,5.743272590691404,7.191323408790525,0.44734597952568306,0.0017870206302316534
15,6.288202252266856,6.618397463512642,-0.0028406896266736353,0.002434479489878075
