[Format]      =  4.0
[Frequency]   =  0
[Precision]   =  1e-008
[MinAngle]    =  30
[DoSmartMesh] =  0
[Depth]       =  1
[LengthUnits] =  centimeters
[ProblemType] =  axisymmetric
[Coordinates] =  cartesian
[ACSolver]    =  0
[PrevType]    =  0
[PrevSoln]    =  ""
[Comment]     =  "Add comments here."
[PointProps]   = 0
[BdryProps]   = 1
  <BeginBdry>
    <BdryName> = "a0"
    <BdryType> = 0
    <A_0> = 0
    <A_1> = 0
    <A_2> = 0
    <Phi> = 0
    <c0> = 0
    <c0i> = 0
    <c1> = 0
    <c1i> = 0
    <Mu_ssd> = 0
    <Sigma_ssd> = 0
    <innerangle> = 0
    <outerangle> = 0
  <EndBdry>
[BlockProps]  = 2
  <BeginBlock>
    <BlockName> = "copper"
    <Mu_x> = 1
    <Mu_y> = 1
    <H_c> = 0
    <H_cAngle> = 0
    <J_re> = 0.25
    <J_im> = 0
    <Sigma> = 58
    <d_lam> = 0
    <Phi_h> = 0
    <Phi_hx> = 0
    <Phi_hy> = 0
    <LamType> = 0
    <LamFill> = 1
    <NStrands> = 0
    <WireD> = 0
    <BHPoints> = 0
  <EndBlock>
  <BeginBlock>
    <BlockName> = "air"
    <Mu_x> = 1
    <Mu_y> = 1
    <H_c> = 0
    <H_cAngle> = 0
    <J_re> = 0
    <J_im> = 0
    <Sigma> = 0
    <d_lam> = 0
    <Phi_h> = 0
    <Phi_hx> = 0
    <Phi_hy> = 0
    <LamType> = 0
    <LamFill> = 1
    <NStrands> = 0
    <WireD> = 0
    <BHPoints> = 0
  <EndBlock>
[CircuitProps]  = 0
[NumPoints] = 12
5	-3	0	0
7	-3	0	0
7	-1	0	0
5	-1	0	0
5	0	0	0
7	0	0	0
7	2	0	0
5	2	0	0
0	-6	0	0
60	-6	0	0
60	6	0	0
0	6	0	0
[NumSegments] = 12
0	1	-1	0	0	0
1	2	-1	0	0	0
2	3	-1	0	0	0
3	0	-1	0	0	0
4	5	-1	0	0	0
5	6	-1	0	0	0
6	7	-1	0	0	0
7	4	-1	0	0	0
8	9	-1	1	0	0
9	10	-1	1	0	0
10	11	-1	1	0	0
11	8	-1	1	0	0
[NumArcSegments] = 0
[NumHoles] = 0
[NumBlockLabels] = 3
1.5	0	2	3	0	0	0	1	0
6	-2	1	-1	0	0	0	1	0
6	1	1	0.5	0	0	0	1	0
[Solution]
206
0	-6	0	-1	
0	-5	0	-1	
1	-6	0	-1	
0	-3	0	-1	
1.4375	-4.5968735149855133	4.0251002463185323e-007	-1	
1.875	-6	0	-1	
0	0	0	-1	
2.5040103011202501	-1.815497236019598	2.8847111668441591e-006	-1	
3.7712678119716792	-4.2317420452691614	3.3798386288570188e-006	-1	
3.75	-6	0	-1	
0	3	0	-1	
2.3679697490497551	0.42231877471816304	2.6244295986103815e-006	-1	
3.3964268742691583	-0.5	5.9935946160647688e-006	-1	
3.9387215208816464	-2.5	6.8240934516037597e-006	-1	
4.0175273868596406	-1.3294865888306855	8.5105572802381674e-006	-1	
5.0524351975564619	-5.0502770915860378	2.9532983932677566e-006	-1	
5	-3	1.0740855807919994e-005	-1	
5.5	-4.0356393220460109	7.4563608824120337e-006	-1	
5.625	-6	0	-1	
0	5	0	-1	
1.4375	4.5968735149855133	3.4285593069685273e-007	-1	
2.7372128273233658	2.4553616923915462	2.7639919626436358e-006	-1	
3.6846879707379356	0.26913304441839997	7.1317312510830404e-006	-1	
3.538410325190366	1.0446383076084549	6.1018129300206734e-006	-1	
4.2177856853193827	-0.31277106239856894	9.8572689557470769e-006	-1	
5	-2	1.4390295981879884e-005	-1	
5	-1	1.4449991003354712e-005	-1	
6.1591620477614839	-4.9798517069668957	3.9485905607776781e-006	-1	
5.708333333333333	-2.2916666666666665	1.715633506019569e-005	-1	
6	-3	1.4749405180297553e-005	-1	
6.5	-3.8799148345233214	9.1915258427089881e-006	-1	
7.5	-6	0	-1	
0	6	0	-1	
1	6	0	-1	
1.875	6	0	-1	
2.944223512041475	4.3132216365858174	1.5818065669278386e-006	-1	
4.1982134371345792	1.75	8.0502840649075463e-006	-1	
4.3509474128192664	3.0821144670796374	5.7113351564730305e-006	-1	
4.4393441915715677	0.5	1.1039232701325774e-005	-1	
4.4821803389769945	1.25	1.0495353450337331e-005	-1	
5	0	1.4623357333577096e-005	-1	
6	-1	1.976568775960876e-005	-1	
6.25	-1.75	2.0529244383720576e-005	-1	
5.625	-0.5	1.7628634383532306e-005	-1	
7.3868354524401818	-4.7574951941682757	4.8110866827283401e-006	-1	
7	-3	1.3608786880722577e-005	-1	
7	-2	1.8625795110289545e-005	-1	
8.0996718532403555	-3.7053616923915458	8.451767164317457e-006	-1	
9.375	-6	0	-1	
8.6949671956705021	-4.8762287992406801	3.6732297489822585e-006	-1	
3.75	6	0	-1	
4.9053407062119154	4.5771377399546953	3.1486790672052217e-006	-1	
5	1.5	1.3233495383777006e-005	-1	
5	2	1.1266214140273327e-005	-1	
6.0446383076084542	3.461589674809634	7.5842724781339327e-006	-1	
5.5	2.5606558084284328	1.0437487655397271e-005	-1	
5	1	1.4528604377680688e-005	-1	
5	0.5	1.5065186221436743e-005	-1	
5.5	0	1.7693849072394721e-005	-1	
6.25	-0.5	1.9445243250006015e-005	-1	
6.5	-1	2.0162480060422568e-005	-1	
7	-1.5	1.9278924368047435e-005	-1	
6	0	1.966014180749405e-005	-1	
7.5957705807498686	-2.5	1.392715858879966e-005	-1	
7.8017865628654208	-1.75	1.5189814636344084e-005	-1	
9.315288028885659	-3.8240792778054966	6.1611744802589474e-006	-1	
8.7404139659060434	-2.0047819404208207	1.1736403824190945e-005	-1	
11.25	-6	0	-1	
10.3125	-4.6650450586779684	3.1933493769990677e-006	-1	
5.625	6	0	-1	
7.4553616923915458	4.2627871726766351	5.1339730584209752e-006	-1	
5.4172952586206895	1.5827047413793103	1.5546209403675952e-005	-1	
5.609375	1.203125	1.8086749513383879e-005	-1	
5.5	2	1.3658452446473806e-005	-1	
6.25	2.517819661023005	1.2101878275474727e-005	-1	
6.75	2.8017865628654208	1.0728800898694857e-005	-1	
6	2	1.5169383251191625e-005	-1	
5.421875	0.75	1.7786407022852348e-005	-1	
5.75	0.40511067708333331	1.9615445653959673e-005	-1	
6.5	0	2.0170352937359705e-005	-1	
6.75	-0.4375	1.9303851525833262e-005	-1	
7	-1	1.8977959503817519e-005	-1	
7.5178196610230055	-1.25	1.6980140963164057e-005	-1	
6.5	0.5	2.1154585266724612e-005	-1	
8.2578179206954161	-1.1603671750060722	1.428853144033989e-005	-1	
10.109491519254485	-2.8961475090514543	6.9600202855941988e-006	-1	
9.4896425781676612	-1.3846273423794015	1.0592621204962664e-005	-1	
15	-6	0	-1	
12.921947867965603	-3.82917272396632	2.6532312188835263e-006	-1	
7.5	6	0	-1	
8.6352524264070087	4.8882121930485152	2.9730561731432088e-006	-1	
8.5600917496451707	3.5549269748782182	6.6206945648052414e-006	-1	
7.9573324385775681	2.3895189896867146	1.105079876920145e-005	-1	
5.9058779761904763	1.5519593253968254	1.7778163251809272e-005	-1	
6.25	1.25	1.9732081641419469e-005	-1	
6.09375	0.78125	2.0596991853206586e-005	-1	
6.5	2	1.551724920115813e-005	-1	
7	2	1.4806626537832394e-005	-1	
6.5625	1.5625	1.8479036789904016e-005	-1	
7	0	1.922544742348681e-005	-1	
7.3671875	-0.5	1.7695251468825902e-005	-1	
7.8815968269808963	-0.7369970626518747	1.5848352496097776e-005	-1	
7	0.5	1.9535230478993755e-005	-1	
6.5625	0.9375	2.0679355751400919e-005	-1	
8.6035731257308417	-0.5	1.3498095730381687e-005	-1	
11.336895852761769	-1.5099547974884797	6.8273334316579274e-006	-1	
9.1564714990934899	0.1797331942025997	1.1825891218400769e-005	-1	
10.963250147664001	0.30345098130587589	7.7813498306865499e-006	-1	
18.75	-6	0	-1	
15.016481603780182	-3.0802019743150044	2.1131807604770909e-006	-1	
13.050082032074167	-2.0403455040783518	4.2639260218835005e-006	-1	
9.375	6	0	-1	
9.8964748652994707	4.8510315921173683	2.5046425974268033e-006	-1	
10.200485933127952	3.6264330015215616	4.9005441796749101e-006	-1	
9.1361968370125073	2.3761150783755207	8.8425441357603325e-006	-1	
7.6596297614229734	1.75	1.3940239950725715e-005	-1	
8.3997796677022656	1.4554681930384228	1.2471900453664119e-005	-1	
7	1.5	1.7387202066469373e-005	-1	
7.4649788115432951	0.25	1.7474218304190255e-005	-1	
7.8054191892456073	-0.17576490845931036	1.6207264902060739e-005	-1	
8.3152271944927918	-0.065301184089140596	1.4437247467793093e-005	-1	
7	1	1.8823739623304889e-005	-1	
7.627017295454829	0.86959614568742638	1.6191072666883813e-005	-1	
12.780426101103934	-0.26732354552383542	5.2809013451251235e-006	-1	
9.4063428818592723	1.2285428369939784	1.0280464067062643e-005	-1	
8.604659824814016	0.50761173710714713	1.3208991649696382e-005	-1	
11.0492678938524	2.220881375931373	6.096884575501527e-006	-1	
22.5	-6	0	-1	
20.170416555532611	-3.391143428249856	6.0556080044110783e-007	-1	
17.716416755974226	-1.7173451169344083	1.5682618371285949e-006	-1	
14.814611124108533	-0.86496450087434273	3.1796926152715658e-006	-1	
11.25	6	0	-1	
11.313978491327138	4.5528968151136819	2.5314893565519815e-006	-1	
7.9853803128654208	0.33881200710429349	1.5438150490757189e-005	-1	
14.08099887203913	1.1242304324949697	3.5733790304276762e-006	-1	
14.0625	3.6522101263503473	2.121824915570013e-006	-1	
26.25	-6	0	-1	
23.081268227344982	-2.7989793058123449	3.3682799945165605e-007	-1	
21.246056018101353	-0.11264306777707045	7.207019823892698e-007	-1	
17.637624535064813	1.3060338579356876	1.5685829756286518e-006	-1	
13.125	6	0	-1	
16.796630967383138	3.9215119048359055	1.0174625930871912e-006	-1	
15	6	0	-1	
28.125	-3.5875603141824342	7.4194389221969408e-008	-1	
30	-6	0	-1	
24.050425910870359	0.30668320341207522	3.6908612227073449e-007	-1	
26.596146725136684	-0.9421684903409695	2.0438278892341436e-007	-1	
22.665629150387485	2.7810847369823208	3.6842549867183704e-007	-1	
19.492225908082066	3.3453190390871481	6.9036359083487034e-007	-1	
18.75	6	0	-1	
29.803811688334935	-1.7242488608420043	8.0731804172189266e-008	-1	
33.75	-6	0	-1	
32.768334885853996	-2.947111940494116	3.2082220958124018e-008	-1	
26.727207940109626	2.5440803519094075	1.6009690010074715e-007	-1	
29.184408592798022	0.70611696805678625	1.0605683005356425e-007	-1	
22.5	6	0	-1	
26.25	6	0	-1	
31.522851683502843	0.0079791736453458384	6.2830857527647898e-008	-1	
37.5	-6	0	-1	
35.625	-3.712815569052887	1.2358730811572072e-008	-1	
34.481951376495992	-0.4848607870003816	2.8652604952956672e-008	-1	
29.283841288449555	3.4005658086264239	7.0921794603890087e-008	-1	
30	6	0	-1	
33.143946436463729	1.9217077257342439	3.4600167788847074e-008	-1	
41.25	-6	0	-1	
39.71204524360774	-2.2744571329477616	6.7063734823652039e-009	-1	
37.528648308234956	-0.11816219096883751	1.3795190745617376e-008	-1	
35.625	2.2886932622633083	1.8311263483615895e-008	-1	
31.875	4.0850570064893388	2.7397914587779575e-008	-1	
33.75	6	0	-1	
41.97177758686275	-3.5218246452349486	2.817477013184775e-009	-1	
45	-6	0	-1	
41.25	1.7761612126017008	5.1519168666113091e-009	-1	
42.947028536622192	-0.23001989336488168	3.5498416884364687e-009	-1	
38.489002191239607	2.5976598427184356	8.7005668407470382e-009	-1	
37.5	6	0	-1	
44.307441882012341	-2.4231944644071755	2.0670742488933731e-009	-1	
48.75	-6	0	-1	
46.758182433134003	-3.2322741393898498	9.3301886680371402e-010	-1	
43.125	3.8880806063008504	1.8573274441719797e-009	-1	
41.25	6	0	-1	
45.574117183445729	-0.17457870129405273	1.8715665491496142e-009	-1	
46.249686769106411	3.0022165743141551	1.0052832933189222e-009	-1	
52.5	-6	0	-1	
50.985399076558359	-3.5388867641810187	2.6979745210325622e-010	-1	
49.315673188000211	-1.1802622129028095	6.7935866731307603e-010	-1	
45	6	0	-1	
48.211379627715466	0.92481759098850302	9.4063929854458787e-010	-1	
48.75	6	0	-1	
50.625	3.2348368468086819	3.2639188578277375e-010	-1	
56.25	-6	0	-1	
53.867805720474401	-3.4616255461942504	1.3239117067317955e-010	-1	
52.365982486934975	-1.0001698118985236	3.1468359886589175e-010	-1	
50.665807136144586	0.77625601346400153	4.9993624768211717e-010	-1	
52.5	6	0	-1	
54.375	4.4302037844734832	7.0085570180144611e-011	-1	
53.78277419753416	2.057620012048353	1.9404816495174666e-010	-1	
60	-6	0	-1	
57.095377343306843	-3.2129716791335587	5.2023023354214957e-011	-1	
55.669281820803093	-0.67359355160254797	1.2365417664241559e-010	-1	
56.25	6	0	-1	
56.938194569166768	2.2200039867562591	6.7091044301082737e-011	-1	
60	-3	0	-1	
60	0	0	-1	
60	6	0	-1	
60	3	0	-1	
359
26	14	25	0	-1	-1	-1	0
30	27	44	0	-1	-1	-1	0
29	46	42	1	-1	-1	-1	0.25
40	38	24	0	-1	-1	-1	0
23	22	38	0	-1	-1	-1	0
16	8	17	0	-1	-1	-1	0
56	38	57	0	-1	-1	-1	0
96	74	76	0	-1	-1	-1	0
80	99	79	0	-1	-1	-1	0
148	149	141	0	-1	-1	-1	0
63	45	47	0	-1	-1	-1	0
154	157	161	0	-1	-1	-1	0
61	82	81	0	-1	-1	-1	0
61	81	60	1	-1	-1	-1	0.25
134	141	135	0	-1	-1	-1	0
157	154	150	0	-1	-1	-1	0
34	33	20	0	0	-1	-1	0
83	95	78	2	-1	-1	-1	0.25
120	101	104	0	-1	-1	-1	0
40	26	43	0	-1	-1	-1	0
118	122	102	0	-1	-1	-1	0
100	99	80	0	-1	-1	-1	0
29	17	30	0	-1	-1	-1	0
125	122	133	0	-1	-1	-1	0
72	52	56	2	-1	-1	-1	0.25
39	56	52	0	-1	-1	-1	0
79	59	80	0	-1	-1	-1	0
29	45	46	1	-1	-1	-1	0.25
43	41	59	0	-1	-1	-1	0
124	106	107	0	-1	-1	-1	0
92	97	115	0	-1	-1	-1	0
38	56	39	0	-1	-1	-1	0
11	6	7	0	-1	-1	-1	0
100	119	118	0	-1	-1	-1	0
79	99	83	2	-1	-1	-1	0.25
39	52	36	0	-1	-1	-1	0
83	103	95	2	-1	-1	-1	0.25
14	26	24	0	-1	-1	-1	0
41	26	25	1	-1	-1	-1	0.25
101	82	84	0	-1	-1	-1	0
61	42	46	1	-1	-1	-1	0.25
74	96	75	0	-1	-1	-1	0
93	98	76	2	-1	-1	-1	0.25
83	102	103	2	-1	-1	-1	0.25
121	103	102	2	-1	-1	-1	0.25
59	79	62	0	-1	-1	-1	0
83	62	79	2	-1	-1	-1	0.25
81	80	60	0	-1	-1	-1	0
43	59	62	0	-1	-1	-1	0
58	43	62	0	-1	-1	-1	0
26	41	43	0	-1	-1	-1	0
60	80	59	0	-1	-1	-1	0
100	80	81	0	-1	-1	-1	0
59	41	60	0	-1	-1	-1	0
42	60	41	1	-1	-1	-1	0.25
82	61	64	0	-1	-1	-1	0
118	119	133	0	-1	-1	-1	0
41	25	42	1	-1	-1	-1	0.25
16	29	28	1	-1	-1	-1	0.25
64	61	46	0	-1	-1	-1	0
42	61	60	1	-1	-1	-1	0.25
63	64	46	0	-1	-1	-1	0
45	63	46	0	-1	-1	-1	0
82	64	84	0	-1	-1	-1	0
100	81	82	0	-1	-1	-1	0
64	63	66	0	-1	-1	-1	0
104	86	106	0	-1	-1	-1	0
133	119	120	0	-1	-1	-1	0
102	122	121	0	-1	-1	-1	0
99	118	102	0	-1	-1	-1	0
83	99	102	2	-1	-1	-1	0.25
100	118	99	0	-1	-1	-1	0
118	133	122	0	-1	-1	-1	0
101	119	100	0	-1	-1	-1	0
119	101	120	0	-1	-1	-1	0
120	125	133	0	-1	-1	-1	0
121	122	117	0	-1	-1	-1	0
82	101	100	0	-1	-1	-1	0
104	101	84	0	-1	-1	-1	0
104	84	86	0	-1	-1	-1	0
120	106	125	0	-1	-1	-1	0
117	98	103	2	-1	-1	-1	0.25
120	104	106	0	-1	-1	-1	0
125	106	124	0	-1	-1	-1	0
116	115	122	0	-1	-1	-1	0
125	116	122	0	-1	-1	-1	0
125	124	116	0	-1	-1	-1	0
106	86	107	0	-1	-1	-1	0
91	92	114	0	-1	-1	-1	0
113	91	114	0	-1	-1	-1	0
97	117	115	0	-1	-1	-1	0
114	116	124	0	-1	-1	-1	0
97	75	96	0	-1	-1	-1	0
56	77	72	2	-1	-1	-1	0.25
98	97	96	2	-1	-1	-1	0.25
25	28	42	1	-1	-1	-1	0.25
18	27	15	0	-1	-1	-1	0
29	30	45	0	-1	-1	-1	0
66	65	85	0	-1	-1	-1	0
84	64	66	0	-1	-1	-1	0
124	126	114	0	-1	-1	-1	0
117	103	121	2	-1	-1	-1	0.25
95	103	94	2	-1	-1	-1	0.25
57	77	56	2	-1	-1	-1	0.25
72	95	94	2	-1	-1	-1	0.25
94	93	72	2	-1	-1	-1	0.25
73	71	93	2	-1	-1	-1	0.25
98	94	103	2	-1	-1	-1	0.25
75	97	92	0	-1	-1	-1	0
122	115	117	0	-1	-1	-1	0
116	92	115	0	-1	-1	-1	0
54	37	55	0	-1	-1	-1	0
70	54	75	0	-1	-1	-1	0
51	37	54	0	-1	-1	-1	0
76	74	55	0	-1	-1	-1	0
23	36	21	0	-1	-1	-1	0
73	55	53	0	-1	-1	-1	0
54	74	75	0	-1	-1	-1	0
53	55	37	0	-1	-1	-1	0
57	78	77	2	-1	-1	-1	0.25
58	62	78	2	-1	-1	-1	0.25
93	94	98	2	-1	-1	-1	0.25
53	52	71	2	-1	-1	-1	0.25
93	76	73	2	-1	-1	-1	0.25
76	55	73	0	-1	-1	-1	0
71	52	72	2	-1	-1	-1	0.25
36	52	53	0	-1	-1	-1	0
69	70	89	0	-1	-1	0	0
37	21	36	0	-1	-1	-1	0
23	39	36	0	-1	-1	-1	0
38	40	57	0	-1	-1	-1	0
55	74	54	0	-1	-1	-1	0
12	22	11	0	-1	-1	-1	0
39	23	38	0	-1	-1	-1	0
38	22	24	0	-1	-1	-1	0
40	43	58	0	-1	-1	-1	0
57	40	58	2	-1	-1	-1	0.25
78	57	58	2	-1	-1	-1	0.25
95	72	77	2	-1	-1	-1	0.25
83	78	62	2	-1	-1	-1	0.25
95	77	78	2	-1	-1	-1	0.25
93	71	72	2	-1	-1	-1	0.25
53	71	73	2	-1	-1	-1	0.25
16	28	25	1	-1	-1	-1	0.25
29	42	28	1	-1	-1	-1	0.25
86	105	107	0	-1	-1	-1	0
66	86	84	0	-1	-1	-1	0
63	47	66	0	-1	-1	-1	0
68	49	48	0	-1	-1	-1	0
97	98	117	2	-1	-1	-1	0.25
98	96	76	2	-1	-1	-1	0.25
37	51	35	0	-1	-1	-1	0
53	37	36	0	-1	-1	-1	0
14	24	12	0	-1	-1	-1	0
26	40	24	0	-1	-1	-1	0
75	92	70	0	-1	-1	-1	0
92	116	114	0	-1	-1	-1	0
88	68	67	0	-1	-1	-1	0
107	105	123	0	-1	-1	-1	0
51	54	70	0	-1	-1	-1	0
21	10	11	0	-1	-1	-1	0
11	22	23	0	-1	-1	-1	0
12	24	22	0	-1	-1	-1	0
21	37	35	0	-1	-1	-1	0
11	7	12	0	-1	-1	-1	0
7	6	3	0	-1	0	-1	0
25	14	13	0	-1	-1	-1	0
126	124	107	0	-1	-1	-1	0
91	90	70	0	-1	-1	-1	0
17	29	16	0	-1	-1	-1	0
16	25	13	0	-1	-1	-1	0
30	17	27	0	-1	-1	-1	0
66	47	65	0	-1	-1	-1	0
66	85	86	0	-1	-1	-1	0
4	2	5	0	-1	0	-1	0
8	5	9	0	-1	0	-1	0
7	14	12	0	-1	-1	-1	0
9	18	15	0	0	-1	-1	0
131	112	132	0	-1	-1	-1	0
91	70	92	0	-1	-1	-1	0
8	16	13	0	-1	-1	-1	0
15	27	17	0	-1	-1	-1	0
126	107	123	0	-1	-1	-1	0
113	114	126	0	-1	-1	-1	0
7	13	14	0	-1	-1	-1	0
1	4	3	0	-1	-1	0	0
18	31	27	0	0	-1	-1	0
47	45	30	0	-1	-1	-1	0
44	27	31	0	-1	-1	-1	0
17	8	15	0	-1	-1	-1	0
9	15	8	0	-1	-1	-1	0
49	31	48	0	-1	0	-1	0
47	30	44	0	-1	-1	-1	0
132	113	126	0	-1	-1	-1	0
91	112	90	0	-1	-1	-1	0
86	85	105	0	-1	-1	-1	0
89	70	90	0	-1	-1	-1	0
112	91	113	0	-1	-1	-1	0
112	111	90	0	-1	-1	-1	0
44	49	47	0	-1	-1	-1	0
89	90	111	0	-1	-1	0	0
31	49	44	0	-1	-1	-1	0
48	67	68	0	0	-1	-1	0
132	112	113	0	-1	-1	-1	0
131	111	112	0	0	-1	-1	0
88	105	85	0	-1	-1	-1	0
65	68	85	0	-1	-1	-1	0
47	49	65	0	-1	-1	-1	0
68	65	49	0	-1	-1	-1	0
135	132	126	0	-1	-1	-1	0
140	131	132	0	0	-1	-1	0
88	85	68	0	-1	-1	-1	0
11	10	6	0	-1	0	-1	0
126	123	134	0	-1	-1	-1	0
67	87	88	0	0	-1	-1	0
135	126	134	0	-1	-1	-1	0
69	51	70	0	-1	-1	-1	0
140	135	142	0	-1	-1	0	0
109	88	87	0	-1	-1	-1	0
130	134	123	0	-1	-1	-1	0
35	34	20	0	-1	-1	-1	0
7	8	13	0	-1	-1	-1	0
21	35	20	0	-1	-1	-1	0
69	50	51	0	0	-1	-1	0
35	51	50	0	-1	-1	-1	0
132	135	140	0	-1	-1	-1	0
139	134	130	0	-1	-1	-1	0
88	110	105	0	-1	-1	-1	0
110	123	105	0	-1	-1	-1	0
108	109	87	0	-1	-1	0	0
7	3	4	0	-1	-1	-1	0
35	50	34	0	-1	0	-1	0
11	23	21	0	-1	-1	-1	0
123	110	130	0	-1	-1	-1	0
1	2	4	0	-1	-1	-1	0
1	0	2	0	0	0	-1	0
5	8	4	0	-1	-1	-1	0
7	4	8	0	-1	-1	-1	0
33	32	19	0	0	0	-1	0
20	33	19	0	-1	-1	-1	0
19	10	20	0	0	-1	-1	0
21	20	10	0	-1	-1	-1	0
145	147	138	0	-1	-1	-1	0
127	137	128	0	-1	-1	-1	0
109	110	88	0	-1	-1	-1	0
148	141	139	0	-1	-1	-1	0
149	142	141	0	0	-1	-1	0
139	141	134	0	-1	-1	-1	0
128	129	108	0	-1	-1	-1	0
130	110	109	0	-1	-1	-1	0
142	135	141	0	-1	-1	-1	0
130	129	139	0	-1	-1	-1	0
148	147	155	0	-1	-1	-1	0
129	130	109	0	-1	-1	-1	0
139	138	148	0	-1	-1	-1	0
139	129	138	0	-1	-1	-1	0
155	149	148	0	0	-1	-1	0
143	137	136	0	-1	-1	-1	0
148	138	147	0	-1	-1	-1	0
146	145	137	0	-1	-1	-1	0
109	108	129	0	-1	-1	-1	0
156	155	147	0	0	-1	-1	0
157	152	160	0	-1	-1	-1	0
153	156	147	0	-1	-1	-1	0
137	145	138	0	-1	-1	-1	0
147	145	153	0	-1	-1	-1	0
145	146	153	0	-1	-1	-1	0
138	129	128	0	-1	-1	-1	0
136	144	143	0	0	-1	-1	0
154	153	146	0	-1	-1	-1	0
156	153	161	0	-1	-1	-1	0
163	169	168	0	-1	-1	-1	0
137	127	136	0	-1	0	-1	0
159	151	158	0	-1	0	-1	0
166	172	174	0	-1	-1	-1	0
137	143	146	0	-1	-1	-1	0
188	182	189	0	-1	-1	-1	0
182	179	173	0	-1	-1	-1	0
146	143	150	0	-1	-1	-1	0
174	167	166	0	-1	-1	-1	0
156	161	162	0	-1	-1	0	0
154	161	153	0	-1	-1	-1	0
166	167	160	0	-1	-1	-1	0
161	168	162	0	-1	-1	-1	0
169	162	168	0	0	-1	-1	0
174	180	175	0	-1	0	-1	0
175	169	167	0	0	-1	-1	0
167	169	163	0	-1	-1	-1	0
127	128	108	0	-1	-1	0	0
138	128	137	0	-1	-1	-1	0
159	152	151	0	-1	-1	-1	0
172	173	179	0	-1	-1	-1	0
146	150	154	0	-1	-1	-1	0
144	150	143	0	-1	-1	-1	0
152	144	151	0	-1	0	-1	0
157	163	161	0	-1	-1	-1	0
152	150	144	0	-1	-1	-1	0
152	157	150	0	-1	-1	-1	0
160	167	163	0	-1	-1	-1	0
159	158	165	0	-1	-1	-1	0
152	159	160	0	-1	-1	-1	0
159	165	166	0	-1	-1	-1	0
171	176	170	0	-1	-1	-1	0
181	173	176	0	-1	-1	-1	0
159	166	160	0	-1	-1	-1	0
172	166	165	0	-1	-1	-1	0
180	174	172	0	-1	-1	-1	0
175	167	174	0	-1	-1	-1	0
165	158	164	0	-1	0	-1	0
179	186	180	0	-1	0	-1	0
180	172	179	0	-1	-1	-1	0
187	182	181	0	-1	-1	-1	0
188	186	182	0	0	-1	-1	0
194	188	189	0	0	-1	-1	0
189	193	196	0	-1	-1	-1	0
199	192	191	0	-1	-1	-1	0
179	182	186	0	-1	-1	-1	0
195	189	196	0	-1	-1	-1	0
183	184	177	0	-1	-1	0	0
182	187	189	0	-1	-1	-1	0
170	165	164	0	-1	-1	-1	0
185	192	193	0	-1	-1	-1	0
177	184	178	0	-1	-1	-1	0
187	193	189	0	-1	-1	-1	0
184	183	191	0	-1	-1	-1	0
199	196	192	0	-1	-1	-1	0
185	193	187	0	-1	-1	-1	0
196	193	192	0	-1	-1	-1	0
181	185	187	0	-1	-1	-1	0
184	185	178	0	-1	-1	-1	0
183	190	191	0	0	-1	-1	0
192	185	184	0	-1	-1	-1	0
184	191	192	0	-1	-1	-1	0
199	201	196	0	-1	-1	-1	0
198	191	190	0	-1	-1	-1	0
198	197	202	0	-1	0	-1	0
198	203	199	0	-1	-1	-1	0
205	201	203	0	-1	-1	0	0
204	200	205	0	0	-1	0	0
203	201	199	0	-1	-1	-1	0
195	200	194	0	-1	0	-1	0
177	178	171	0	-1	-1	0	0
185	181	178	0	-1	-1	-1	0
173	165	170	0	-1	-1	-1	0
181	176	178	0	-1	-1	-1	0
195	201	200	0	-1	-1	-1	0
202	203	198	0	0	-1	-1	0
200	201	205	0	-1	-1	-1	0
173	181	182	0	-1	-1	-1	0
165	173	172	0	-1	-1	-1	0
189	195	194	0	-1	-1	-1	0
171	178	176	0	-1	-1	-1	0
201	195	196	0	-1	-1	-1	0
161	163	168	0	-1	-1	-1	0
160	163	157	0	-1	-1	-1	0
171	170	164	0	-1	-1	0	0
173	170	176	0	-1	-1	-1	0
191	198	199	0	-1	-1	-1	0
197	198	190	0	-1	-1	0	0
3
1	0
1	0
1	0
0
0
